7.77862 4.31367 2.38105 1.41837 0.842642 0.45247 0.190982 0.0420189 0 0.0516408 0.204969 0.457528 0.806871 1.25059 1.78635 2.41193 3.12524 3.9243 4.80725 5.77236 6.81803 7.94272 9.14502 10.4236 11.7772 13.2046 14.7048 16.2767 17.9193 19.6316 
7.79397 4.41685 2.54367 1.63863 1.14805 0.87323 0.754325 0.771487 0.915931 1.17439 1.55084 2.0412 2.64178 3.34914 4.16015 5.0719 6.08174 7.18722 8.38607 9.67621 11.0557 12.5228 14.0757 15.713 17.4332 19.2349 21.1169 23.078 25.1169 27.2327 
7.81101 4.53134 2.72582 1.88262 1.47942 1.31912 1.33825 1.51313 1.83186 2.28088 2.86075 3.56605 4.39205 5.3345 6.38961 7.55398 8.82448 10.1983 11.6729 13.2459 14.9151 16.6785 18.5343 20.4807 22.5161 24.6391 26.8482 29.1422 31.5197 33.9796 
7.82956 4.65594 2.9273 2.14971 1.83536 1.78809 1.94059 2.2654 2.74779 3.37371 4.14091 5.04282 6.07385 7.22912 8.50431 9.89558 11.3995 13.0129 14.733 16.5573 18.4834 20.509 22.6322 24.8512 27.1643 29.5697 32.066 34.6519 37.3259 40.0868 
7.84945 4.78962 3.14759 2.43893 2.2143 2.27814 2.55937 3.02699 3.66373 4.45496 5.39609 6.4796 7.69919 9.04943 10.5256 12.1235 13.8394 15.67 17.6122 19.6633 21.8208 24.0825 26.446 28.9096 31.4714 34.1297 36.8829 39.7295 42.6681 45.6974 
7.87049 4.93096 3.38587 2.74906 2.61455 2.78731 3.19276 3.79672 4.57966 5.52628 6.63005 7.88266 9.27722 10.8078 12.4694 14.2576 16.1682 18.1979 20.3435 22.602 24.9709 27.4476 30.0301 32.7162 35.504 38.3919 41.378 44.461 47.6392 50.9114 
7.89244 5.07843 3.63999 3.07896 3.03467 3.31412 3.83952 4.57382 5.49559 6.589 7.84579 9.25694 10.8151 12.5139 14.3481 16.3129 18.4042 20.6183 22.9518 25.4019 27.9656 30.6406 33.4246 36.3153 39.3109 42.4095 45.6094 48.909 52.3068 55.8014 
7.91503 5.23021 3.90184 3.42875 3.47492 3.85938 4.49943 5.3575 6.41152 7.64424 9.04572 10.6064 12.3184 14.1752 16.1711 18.3012 20.5613 22.9474 25.4562 28.0846 30.8297 33.689 36.66 39.7407 42.9289 46.2228 49.6207 53.1208 56.7217 60.4218 
7.93767 5.38226 4.16371 3.79008 3.9349 4.4227 5.17124 6.14707 7.32745 8.6929 10.2319 11.9342 13.7918 15.7977 17.9461 20.2319 22.6507 25.1985 27.8718 30.6674 33.5824 36.6141 39.7602 43.0184 46.3866 49.8629 53.4454 57.1326 60.9227 64.8144 
7.96164 5.54332 4.4407 4.17019 4.41555 5.00249 5.85375 6.94187 8.24338 9.73576 11.4059 13.2431 15.239 17.3864 19.6793 22.1125 24.6813 27.3818 30.2104 33.1637 36.2388 39.433 42.7439 46.1691 49.7064 53.3541 57.1101 60.9728 64.9406 69.012 
7.98706 5.71401 4.73384 4.56994 4.91524 5.59726 6.54592 7.74138 9.15931 10.7735 12.5691 14.5352 16.6631 18.9454 21.3758 23.9491 26.6606 29.506 32.4818 35.5846 38.8114 42.1595 45.6262 49.2093 52.9066 56.7161 60.636 64.6644 68.7999 73.0407 
8.01381 5.89368 5.04203 4.98786 5.4324 6.20564 7.2468 8.54511 10.0752 11.8066 13.7228 15.8125 18.0667 20.478 23.0399 25.7469 28.5944 31.578 34.6941 37.9392 41.3103 44.8046 48.4195 52.1526 56.0018 59.965 64.0403 68.2259 72.5203 76.9217 
8.0418 6.0817 5.36416 5.42252 5.96554 6.82641 7.95556 9.35264 10.9912 12.8355 14.8678 17.0765 19.4521 21.9871 24.675 27.5102 30.4878 33.6037 36.8539 40.235 43.7439 47.3778 51.134 55.0103 59.0042 63.1139 67.3372 71.6726 76.1182 80.6725 
8.07094 6.27742 5.69913 5.87256 6.51329 7.45844 8.67146 10.1636 11.9071 13.8608 16.0052 18.3285 20.821 23.4752 26.2842 29.2425 32.3452 35.5879 38.9668 42.4783 46.1192 49.8868 53.7784 57.7916 61.9241 66.1738 70.5387 75.0172 79.6074 84.3077 
8.10114 6.48024 6.04592 6.33668 7.07439 8.10073 9.39386 10.9777 12.823 14.8827 17.1356 19.5697 22.1752 24.9442 27.8701 30.9471 34.1702 37.535 41.0375 44.6744 48.4423 52.3384 56.3599 60.5046 64.77 69.154 73.6548 78.2704 82.9991 87.8394 
8.13231 6.68957 6.40354 6.81369 7.64768 8.75236 10.1222 11.7947 13.739 15.9016 18.2598 20.8011 23.516 26.3961 29.4349 32.6265 35.9658 39.4484 43.0703 46.8279 50.7182 54.738 58.8847 63.1559 67.5492 72.0625 76.6938 81.4414 86.3033 91.278 
8.16437 6.90488 6.77108 7.30249 8.23209 9.41253 10.8558 12.6142 14.6549 16.9177 19.3781 22.0237 24.8445 27.8324 30.9805 34.283 37.7348 41.3313 45.0685 48.9429 52.9513 57.0905 61.3581 65.7513 70.268 74.906 79.6633 84.5379 89.5282 94.6325 
8.19725 7.12566 7.1477 7.80206 8.82668 10.0805 11.5945 13.4361 15.5708 17.9313 20.4912 23.2382 26.162 29.2545 32.5087 35.9187 39.4795 43.1863 47.0353 51.0227 55.1454 59.4003 63.7846 68.296 72.932 77.6904 82.5693 87.5668 92.681 97.9104 
8.23088 7.35146 7.53263 8.31149 9.43057 10.7556 12.3376 14.2602 16.4868 18.9425 21.5996 24.4452 27.4693 30.6635 34.0208 37.5354 41.202 45.0159 48.9733 53.0704 57.3039 61.6709 66.1685 70.7942 75.5457 80.4208 85.4175 90.5338 95.768 101.118 
8.26519 7.58185 7.92517 8.82993 10.043 11.4372 13.0848 15.0863 17.4027 19.9516 22.7035 25.6454 28.7672 32.0605 35.5183 39.1345 42.904 46.8222 50.8849 55.0886 59.4298 63.9055 68.513 73.2498 78.1134 83.1017 88.2126 93.4442 98.7947 104.262 
8.30013 7.81645 8.32468 9.35663 10.6632 12.1249 13.8359 15.9142 18.3186 20.9588 23.8033 26.8393 30.0565 33.4465 37.0022 40.7175 44.5873 48.6069 52.7722 57.0795 61.5255 66.1071 70.8215 75.6662 80.6387 85.737 90.9589 96.3025 101.766 107.348 
8.33564 8.05491 8.73056 9.89089 11.2906 12.818 14.5904 16.7437 19.2346 21.9642 24.8994 28.0274 31.3378 34.8222 38.4735 42.2856 46.2533 50.3718 54.6371 59.0454 63.5934 68.2781 73.0965 78.0463 83.1249 88.3302 93.6601 99.1126 104.686 110.378 
8.37168 8.29685 9.14219 10.4319 11.9244 13.5161 15.348 17.5746 20.1505 22.9679 25.9921 29.2101 32.6118 36.1886 39.9333 43.8399 47.9031 52.1182 56.4811 60.988 65.6355 70.4207 75.3407 80.3929 85.5749 90.8844 96.3195 101.878 107.558 113.359 
8.40816 8.54181 9.55881 10.9789 12.5637 14.2182 16.1078 18.4064 21.0664 23.97 27.0815 30.3879 33.879 37.5461 41.3823 45.3814 49.538 53.8475 58.3057 62.9089 67.6537 72.5371 77.5561 82.7083 87.9911 93.4024 98.9401 104.602 110.387 116.292 
8.44502 8.78924 9.97948 11.5305 13.2072 14.9231 16.8688 19.2393 21.9824 24.9707 28.1679 31.561 35.1397 38.8956 42.8213 46.9109 51.159 55.5609 60.1124 64.8098 69.6497 74.629 79.7448 84.9947 90.3761 95.8867 101.525 107.288 113.174 119.182 
8.48214 9.03847 10.4031 12.0854 13.8533 15.6293 17.6295 20.0733 22.8983 25.9701 29.2515 32.7298 36.3946 40.2374 44.251 48.4293 52.767 57.2593 61.9022 66.6918 71.6248 76.698 81.9086 87.254 92.7317 98.3395 104.075 109.937 115.923 122.032 
8.5194 9.28866 10.8282 12.6418 14.5002 16.3349 18.3886 20.9085 23.8142 26.9682 30.3326 33.8946 37.6439 41.5721 45.6719 49.9372 54.3628 58.9439 63.6763 68.5563 73.5804 78.7456 84.0489 89.4879 95.0599 100.763 106.595 112.553 118.637 124.843 
8.55669 9.53895 11.2533 13.1978 15.1458 17.0377 19.1488 21.7447 24.7301 27.9652 31.4112 35.0556 38.888 42.9001 47.0846 51.4355 55.9473 60.6155 65.4357 70.4043 75.5178 80.7731 86.1674 91.698 97.3625 103.159 109.084 115.137 121.316 127.619 
8.59385 9.78848 11.6771 13.7516 15.7879 17.7356 19.9107 22.5819 25.6461 28.961 32.4876 36.2131 40.1273 44.2219 48.4897 52.9245 57.5211 62.2748 67.1813 72.2368 77.438 82.7818 88.2653 93.8858 99.641 105.528 111.546 117.692 123.964 130.361 
8.63081 10.0366 12.0983 14.3018 16.4251 18.4286 20.674 23.4199 26.562 29.9559 33.5618 37.3672 41.3621 45.5379 49.8875 54.405 59.0849 63.9226 68.9138 74.0548 79.3422 84.7728 90.3438 96.0526 101.897 107.874 113.982 120.219 126.583 133.072 
