10.002 3.3058 2.30783 1.20011 0.656337 0.191616 -0.146823 -0.394495 -0.540878 -0.614873 -0.591438 -0.47912 -0.277736 0.0103917 0.383555 0.8399 1.37767 1.99518 2.69081 3.46308 4.31052 5.23184 6.22559 7.29124 8.4252 9.63554 10.8872 12.3063 13.4177 15.9906 
9.93526 3.51726 2.57556 1.56486 1.16638 0.90301 0.814084 0.85867 1.03894 1.33135 1.74883 2.28226 2.92895 3.68495 4.54704 5.51215 6.57752 7.7406 8.99903 10.3507 11.7935 13.3258 14.9454 16.6519 18.4401 20.3221 22.2461 24.3994 26.0769 29.905 
9.89903 3.63243 2.72511 1.76465 1.43706 1.26639 1.28763 1.45691 1.77313 2.21396 2.78834 3.48686 4.30591 5.241 6.28845 7.44484 8.70709 10.0724 11.5382 13.1021 14.7621 16.516 18.3619 20.2991 22.322 24.444 26.6076 29.0217 30.9 35.1712 
9.85046 3.78753 2.93231 2.03839 1.80417 1.75353 1.91633 2.24506 2.73464 3.3642 4.13783 5.0458 6.08337 7.2454 8.52765 9.92624 11.4377 13.059 14.7872 16.6198 18.5543 20.5888 22.7208 24.9498 27.2694 29.6951 32.1616 34.9054 37.0376 41.8693 
9.80176 3.94412 3.14999 2.32071 2.17581 2.23531 2.52539 2.99495 3.63577 4.42794 5.37191 6.45767 7.67964 9.03224 10.5108 12.1111 13.8295 15.6625 17.6073 19.661 21.8211 24.0855 26.4516 28.9188 31.4803 34.1531 36.8658 39.8772 42.2152 47.5003 
9.75057 4.10993 3.39023 2.6281 2.57436 2.74386 3.15908 3.76595 4.55355 5.50216 6.60944 7.86505 9.2627 10.7964 12.4611 14.2524 16.1662 18.1992 20.348 22.6099 24.9821 27.4624 30.0481 32.7387 35.5268 38.4309 41.374 44.6354 47.1658 52.8742 
9.699 4.27886 3.64994 2.95198 2.99189 3.26746 3.80358 4.54116 5.46715 6.5626 7.82247 9.23622 10.7969 12.4983 14.335 16.3023 18.3961 20.6127 22.9488 25.4014 27.9677 30.6454 33.4318 36.3261 39.3209 42.4356 45.5884 49.0772 51.7824 57.8752 
9.64429 4.45683 3.91388 3.30615 3.42814 3.81191 4.46233 5.32374 6.38214 7.61714 9.02164 10.5849 12.2994 14.1585 16.1568 18.2893 20.5517 22.9401 25.4513 28.082 30.8294 33.6911 36.6643 39.7484 42.9352 46.2458 49.5932 53.2931 56.1606 62.6097 
9.59043 4.63122 4.16595 3.66654 3.88651 4.37522 5.13238 6.11194 7.29696 8.66485 10.2067 11.9115 13.7714 15.7795 17.9301 20.218 22.6389 25.1887 27.8641 30.6618 33.5788 36.6127 39.7606 43.0219 46.3882 49.8814 53.4106 57.3072 60.3259 67.107 
9.53235 4.81956 4.44025 4.0484 4.36784 4.95473 5.81321 6.90534 8.212 9.70696 11.3799 13.2195 15.2176 17.3671 19.662 22.0972 24.6679 27.3704 30.2008 33.1559 36.2329 39.429 42.7414 46.1696 49.7047 53.3697 57.0696 61.151 64.3117 71.4042 
9.47094 5.0186 4.72957 4.45087 4.86838 5.54952 6.50348 7.70336 9.12714 10.744 12.5423 14.5108 16.6408 18.9251 21.3574 23.9325 26.6458 29.493 32.4705 35.575 38.8034 42.1532 45.6213 49.2072 52.9019 56.7293 60.5904 64.8462 68.141 75.5273 
9.40627 5.22827 5.03445 4.87224 5.38704 6.15803 7.20234 8.50553 10.0424 11.7765 13.6953 15.7873 18.0436 20.4568 23.0205 25.7293 28.5784 31.5637 34.6813 37.928 41.3006 44.7965 48.4126 52.1484 55.9946 59.9762 63.9902 68.4116 71.8334 79.4983 
9.33859 5.44764 5.35334 5.31108 5.92213 6.77904 7.90893 9.31145 10.9577 12.8049 14.8398 17.0506 19.4283 21.9651 24.6547 27.4916 30.4708 33.5882 36.8399 40.2224 43.7327 47.3681 51.1254 55.0043 58.995 63.1234 67.2832 71.8623 75.4051 83.335 
9.26814 5.67601 5.68526 5.76594 6.47227 7.4114 8.62253 10.1208 11.8731 13.8296 15.9767 18.3021 20.7966 23.4525 26.2632 29.2231 32.3273 35.5714 38.9517 42.4645 46.1068 49.8758 53.7684 57.7841 61.913 66.182 70.4812 75.2109 78.8694 87.0526 
9.19514 5.91266 6.02914 6.23548 7.03615 8.05409 9.3425 10.9331 12.7885 14.8511 17.1066 19.5428 22.1502 24.921 27.8484 30.9269 34.1514 37.5176 41.0215 44.6596 48.4287 52.3261 56.3486 60.4957 64.7573 69.1611 73.594 78.4682 82.2377 90.6634 
9.11979 6.15692 6.38398 6.71846 7.61257 8.7062 10.0683 11.7483 13.704 15.8695 18.2302 20.7738 23.4904 26.3723 29.4127 32.6057 35.9463 39.4302 43.0534 46.8123 50.7036 54.7247 58.8722 63.1459 67.5352 72.0686 76.6302 81.6432 85.5193 94.1784 
9.04227 6.40816 6.74888 7.21371 8.20045 9.36691 10.7993 12.566 14.6195 16.8852 19.3482 21.9959 24.8186 27.8081 30.9577 34.2616 37.7147 41.3124 45.0509 48.9265 52.9359 57.0764 61.3446 65.7403 70.2528 74.9113 79.5969 84.7438 88.7227 97.6064 
8.96279 6.6658 7.12298 7.72019 8.79878 10.0355 11.5352 13.3861 15.5351 17.8985 20.461 23.21 26.1356 29.2297 32.4854 35.8968 39.4588 43.1669 47.017 51.0056 55.1293 59.3853 63.7703 68.2841 72.9157 77.695 82.5005 87.7767 91.8549 100.956 
8.8815 6.9293 7.50549 8.23694 9.4067 10.7112 12.2755 14.2082 16.4507 18.9094 21.5689 24.4166 27.4425 30.6383 33.9971 37.513 41.1808 44.996 48.9544 53.0526 57.2871 61.6551 66.1533 70.7815 75.5285 80.4249 85.3463 90.7478 94.922 104.233 
8.79855 7.19816 7.89571 8.76307 10.0234 11.3935 13.0198 15.0324 17.3664 19.9182 22.6725 25.6165 28.7401 32.0349 35.4941 39.1117 42.8824 46.8017 50.8655 55.0702 59.4123 63.8891 68.4972 73.2364 78.0953 83.1053 88.1392 93.6622 97.9295 107.444 
8.71407 7.47195 8.29298 9.29778 10.6481 12.0819 13.7679 15.8583 18.2821 20.9251 23.7721 26.8101 30.029 33.4206 36.9776 40.6943 44.5653 48.586 52.7523 57.0606 61.5075 66.0901 70.805 75.6521 80.6198 85.7402 90.8834 96.5243 100.882 110.594 
8.6282 7.75026 8.69674 9.8404 11.2802 12.7759 14.5194 16.6859 19.1978 21.9303 24.868 27.998 31.3101 34.796 38.4487 42.2621 46.2308 50.3504 54.6167 59.026 63.5749 68.2606 73.0795 78.0317 83.1053 88.3331 93.5827 99.3383 103.784 113.688 
8.54108 8.03264 9.10631 10.3901 11.9189 13.4748 15.2739 17.5149 20.1135 22.9336 25.9603 29.1804 32.5837 36.162 39.9081 43.8159 47.8802 52.0963 56.4602 60.968 65.6165 70.4026 75.323 80.3776 85.5544 90.8869 96.2401 102.107 106.639 116.73 
8.45281 8.3187 9.52113 10.9461 12.5636 14.1781 16.0311 18.3442 21.0299 23.9358 27.0498 30.3582 33.851 37.5196 41.3572 45.3574 49.5152 53.8257 58.2849 62.8891 67.6348 72.5191 77.5385 82.6931 87.9707 93.4053 98.8596 104.836 109.451 119.725 
8.36377 8.60728 9.93954 11.5064 13.2118 14.8835 16.7879 19.1744 21.945 24.9352 28.135 31.5299 35.1103 38.8675 42.7945 46.8852 51.1343 55.5371 60.0895 64.7877 69.6284 74.6085 79.7247 84.9768 90.3528 95.887 101.44 107.523 112.219 122.671 
8.27363 8.8994 10.363 12.0729 13.8659 15.5939 17.5473 20.0106 22.8643 25.9382 29.2225 32.7029 36.3696 40.214 44.2291 48.4089 52.7479 57.2415 61.8855 66.6763 71.6103 76.6846 81.8958 87.2439 92.7163 98.3484 103.998 110.185 114.962 125.588 
8.18473 9.18753 10.7806 12.6312 14.5093 16.2922 18.2878 20.8349 23.7668 26.9223 30.2882 33.8512 37.6013 41.53 45.6302 49.8958 54.3215 58.9026 63.635 68.5149 73.5388 78.7039 84.0067 89.447 95.0125 100.739 106.482 112.769 117.623 128.417 
8.08985 9.49499 11.2262 13.2262 15.1946 17.0312 19.0837 21.7154 24.7304 27.9714 31.4231 35.0727 38.91 42.9268 47.116 51.4714 55.9877 60.6602 65.4848 70.4578 75.5756 80.8354 86.2335 91.7702 97.4326 103.257 109.097 115.49 120.424 131.393 
8.01741 9.72976 11.5665 13.6801 15.7181 17.5914 19.6935 22.388 25.4665 28.7722 32.2888 36.0039 39.9074 43.9909 48.2474 52.6707 57.2555 61.9972 66.8915 71.9348 77.1236 82.4549 87.9252 93.5346 99.2703 105.169 111.083 117.554 122.549 133.65 
7.86287 10.2306 12.2923 14.6473 16.8317 18.7798 21.0179 23.8381 27.053 30.4948 34.1485 38.0016 42.0442 46.2679 50.6657 55.2316 59.9602 64.8469 69.8875 75.0782 80.4156 85.8968 91.5181 97.2799 103.169 109.223 115.29 121.927 127.048 138.426 
